../../.git/annex/objects/5z/V5/MD5E-s12289--f470543ea05aef8e8668e7063fd25dad.tsv/MD5E-s12289--f470543ea05aef8e8668e7063fd25dad.tsv