../../.git/annex/objects/Wj/52/MD5E-s12290--020310cef6cb965e8591932c706bc495.tsv/MD5E-s12290--020310cef6cb965e8591932c706bc495.tsv